12.177537
13.811192
11.668517
10.740808
10.116077
9.640551
9.255082
8.930197
8.648970
8.400744
12.058402
13.711520
11.514377
10.584062
9.958282
9.482068
9.096029
8.770615
8.488869
8.240121
11.968555
13.534272
11.353630
10.418199
9.790490
9.313031
8.925978
8.599640
8.317005
8.067376
11.827521
13.308632
11.246497
10.294870
9.662698
9.183079
8.794665
8.467321
8.183859
7.933505
11.667876
13.055554
11.228691
10.240615
9.599656
9.116265
8.725785
8.397137
8.112768
7.861739
11.527141
12.787433
11.301671
10.252829
9.598448
9.109515
8.716116
8.385701
8.100167
7.848320
11.359066
12.522030
11.440641
10.309388
9.638658
9.143302
8.746705
8.414501
8.127907
7.875425
11.244702
12.251900
11.605879
10.375881
9.687611
9.185393
8.785305
8.451057
8.163154
7.909784
11.126484
11.992210
11.763314
10.425947
9.721473
9.213092
8.809922
8.473894
8.184867
7.930744
11.040109
11.736050
11.884896
10.440577
9.722923
9.209524
8.803774
8.466178
8.176085
7.921170
